6314457 1001
447918 1876
1573764 772
3341570 1365
1646560 1004
1646560 614
405154 10
926138 559
2397055 1599
2397055 2195
2397055 2195
568007 171
63407 1600
7818457 376
5482111 2364
489476 1904
8790914 1197
781481 502
781481 502
1176985 2202
1176985 2202
1024488 455
324583 419
324583 504
1596818 1912
10530003 2
10530003 1036
10530003 494
10530003 2388
10530003 1915
7944369 1919
7944369 1919
649720 1598
311503 106
311503 1224
66361 365
66361 0
66361 2
66361 1590
66361 2223
66361 913
66361 382
421291 614
421291 636
5704 166
5704 166
5704 166
5704 205
5704 1230
5704 1952
5704 185
5704 812
361784 494
159019 1606
159019 219
4487795 2226
3313500 693
1139336 302
40360 1595
40360 171
40360 253
40360 231
40360 642
40360 390
30728 800
30728 800
2393990 1669
2393990 1442
2393990 1442
2393990 1670
2393990 1443
2393990 1671
2393990 819
2393990 522
2393990 523
2393990 721
354511 1967
1203537 1254
1203537 220
1203537 1675
1203537 1445
1203537 821
1203537 502
1203537 182
1203537 148
334574 389
334574 554
334574 139
3943777 70
3943777 1687
3943777 896
4389830 1014
748374 1985
10380234 0
10380234 2505
712606 10
2819633 272
1071649 273
354516 1459
4784193 1688
9842812 1707
9842812 808
9842812 1938
9842812 1708
9842812 1993
9842812 1267
3070551 1371
191126 2478
2264489 413
6264253 693
4263627 931
177941 707
177941 1178
26680 245
455200 1718
3347735 1176
5339980 1178
1130050 832
1130050 1705
2066836 306
20615 0
20615 41
2116820 708
2116820 1721
1750327 1088
741202 19
741202 19
741202 0
2207995 0
2207995 1475
2207995 49
2207995 0
121824 0
121824 2015
121824 1427
121824 2
121824 1477
1253430 0
10310935 0
10514932 0
10514932 21
2393891 0
291978 10
291978 112
291978 1677
291978 822
291978 258
291978 2
291978 179
291978 1254
291978 156
291978 220
291978 135
291978 220
291978 61
291978 724
291978 25
291978 148
291978 19
291978 143
291978 148
291978 65
291978 140
291978 389
291978 356
291978 4
291978 327
291978 290
291978 530
291978 82
291978 197
291978 41
291978 524
291978 189
291978 1374
291978 687
291978 125
291978 949
291978 1478
291978 1054
291978 793
291978 2589
291978 24
50688 258
744696 51
744696 952
744696 1482
193573 205
529634 1591
529634 728
294467 1231
31834 2518
2249306 23
169279 169
142435 23
47952 23
1019384 1979
1019384 803
1019384 273
1401797 1495
234858 1368
136396 396
1903971 2593
92119 842
1582317 1990
237237 44
2089643 201
7830 363
7830 1613
7830 1714
7830 24
123048 2052
123048 1757
123048 2052
4893589 1422
4893589 486
7829435 2523
4355087 321
1814788 2525
3439915 1762
3491780 2595
1459894 354
1459894 164
569607 529
3674591 2059
1903610 163
354359 66
354359 51
354359 166
354359 557
115271 456
115271 997
10130783 1482
10130783 2061
3052408 257
9061849 789
9061849 368
9061849 1514
9061849 83
9061849 1668
9061849 657
9061849 114
4171694 563
4171694 58
4171694 609
4171694 219
935739 698
978228 1646
1857564 2188
962172 350
5352512 658
5352512 481
5352512 1056
5352512 202
5352512 1300
5352512 1522
4476780 2188
8715213 228
8715213 669
8715213 151
8715213 2224
8715213 179
8715213 179
8715213 669
8715213 1580
1472650 2531
286065 50
286065 627
1049104 100
1049104 639
1049104 499
196450 426
2326888 968
1034004 438
367736 1777
83878 1085
639435 24
4568538 2593
756 2077
1830843 1694
6196413 286
445483 862
882426 379
1118267 849
181180 525
7745269 1787
7745269 646
450687 1176
7024082 454
4258038 1183
1887505 45
313325 1491
626988 774
872433 71
7361546 527
7361546 527
7361546 751
3445377 200
909487 1246
909487 1471
6844940 2057
6694392 2264
2957891 609
2957891 1458
9224122 1537
9647806 887
9647806 1977
9647806 558
625477 0
625477 435
2299350 2540
16650 650
16650 1182
16650 206
912188 631
7908 0
7908 139
169007 978
169007 71
193291 2102
193291 1132
193291 419
193291 568
8688679 1693
8688679 1693
4106743 1396
1611017 659
1719971 25
1719971 34
1719971 166
1719971 24
10301086 869
10301086 36
1478437 66
9140 2073
7209955 1609
7209955 1462
7209955 1462
4110579 421
2195070 621
2195070 621
2195070 2441
2195070 250
2195070 2203
2195070 19
2195070 256
246232 860
4526730 682
1331300 676
5432702 1393
237693 2482
237693 646
237693 101
237693 157
437998 733
1914885 578
9348194 69
2942 214
9740724 793
9740724 810
1456644 1778
4358883 1770
1643759 33
6224954 2301
4560372 1464
4928138 581
4171446 171
4171446 73
4171446 1078
4171446 1083
4171446 631
7983314 224
1092302 2059
4718043 47
290333 1471
537644 1202
1040417 72
1040417 72
1074550 284
199286 2517
28604 1534
5919806 1597
5919806 1597
100726 62
100726 1016
100726 228
100726 657
100726 84
100726 213
100726 278
100726 196
100726 14
100726 276
100726 2118
344420 0
5200776 864
42098 756
42098 322
8298278 1061
8298278 2183
8298278 318
103726 2438
103726 1180
1050356 1432
1050356 2451
9183898 77
3191326 407
3191326 407
3191326 407
9877734 1826
9877734 1826
9877734 1826
7598848 1287
7598848 71
85100 963
979468 73
1789851 48
8368573 909
8368573 1137
542544 123
542544 124
542544 309
4828002 626
4828002 93
1276309 66
9430066 2600
9430066 33
9430066 367
1485206 651
6872284 1641
6872284 309
6872284 1210
6872284 2618
6872284 161
6872284 760
6872284 1740
6872284 1521
6872284 62
308104 28
573658 772
147944 17
147944 66
824848 1147
3527360 2007
3527360 403
3527360 1227
3527360 108
6547278 1334
297130 1318
606202 4
3534006 269
3534006 830
3534006 824
5476810 86
3665718 615
3665718 615
162361 295
162361 1
162361 37
8950776 1481
8950776 869
8950776 831
8950776 831
8950776 839
8950776 839
8950776 21
8950776 2
8950776 869
4791545 8
4791545 8
4791545 238
1024959 385
3175958 799
400750 2276
767016 2012
80662 1885
80662 6
80662 2578
80662 1541
80662 2598
175180 563
175180 449
569127 249
786825 111
86272 361
1053746 76
208632 853
1256702 2138
141807 1753
7636463 1838
7636463 1838
7636463 1838
7636463 1838
7636463 1838
7636463 1838
873939 183
1974344 374
6283326 5
3098222 777
4303757 45
7066345 261
8540305 1487
17493 966
2725545 1897
4700164 958
3663358 1297
3663358 827
360195 1772
1112210 1134
1433451 628
1433451 41
9647523 279
9647523 279
4871348 2084
4871348 189
2027973 1720
2027973 603
1886148 1845
1886148 2241
1886148 2241
1886148 512
740039 1580
740039 1364
740039 179
740039 150
2437509 1243
150537 2099
1103360 25
17429 259
17429 411
17429 38
17429 1963
1334465 2244
5844740 1227
287634 2605
7409971 421
7409971 4
7409971 6
7409971 132
7409971 351
7409971 1139
7409971 1139
7409971 1739
7409971 1739
7409971 351
7409971 132
7409971 1389
7409971 39
7409971 75
7409971 628
7409971 628
7409971 1739
7409971 1464
7409971 21
7409971 21
7409971 2333
1609757 740
6480263 1821
6480263 428
6480263 1511
7705999 1521
7705999 731
7705999 781
7705999 1128
7705999 1250
7705999 761
7705999 1802
10374905 2069
10374905 439
95095 1802
2237972 60
2237972 1739
2237972 77
187979 1458
541082 136
1753084 214
1753084 1952
10833116 40
10833116 188
970949 829
3562557 1752
43580 280
43580 1172
43580 1125
43580 928
43580 931
43580 1660
43580 734
3528255 1112
2376685 6
92215 2457
894570 463
2484589 1849
2484589 1850
2484589 1564
2484589 1851
2484589 1852
2484589 1853
2484589 1495
2484589 1854
2484589 992
2484589 1345
2484589 1849
2484589 1850
2484589 1564
2484589 1851
2484589 1852
2484589 1853
2484589 1495
2484589 1854
2484589 992
2484589 1345
2484589 1849
2484589 1850
2484589 1564
2484589 1851
2484589 1852
2484589 1853
2484589 1495
2484589 1854
2484589 992
2484589 1345
2484589 1345
2484589 1849
2484589 1849
2484589 1849
2484589 1850
2484589 1850
2484589 1850
2484589 1564
2484589 1564
2484589 1564
2484589 1851
2484589 1851
2484589 1851
2484589 1852
2484589 1852
2484589 1852
2484589 1853
2484589 1853
2484589 1853
2484589 1495
2484589 1495
2484589 1495
2484589 1854
2484589 1854
2484589 1854
2484589 992
2484589 992
2484589 992
2484589 1345
2484589 1345
2484589 1345
2056456 691
3779429 1370
3779429 1370
10949977 1041
10949977 1100
10949977 2626
10949977 185
10949977 2037
3179657 655
2654596 2126
470245 166
91822 1728
409975 1412
1519788 1879
1519788 178
1109 52
28971 1700
2683033 311
8654711 1011
3785595 17
1017849 142
1017849 1604
36865 976
36865 1755
9440246 44
9440246 395
5556911 37
35460 310
1479177 354
7422453 1128
10071474 1317
10071474 96
10071474 847
2784981 874
6554144 1413
6554144 1456
1692591 183
1692591 249
417724 1732
6171083 1259
6171083 1855
6171083 794
7879446 1732
6193272 39
6493 483
3462508 173
9657018 239
9657018 368
9657018 63
12908 1860
5011599 173
10585348 11
10585348 102
7527554 399
7527554 63
173618 1331
6540083 28
6540083 2040
10818303 897
10818303 912
10818303 28
10818303 1556
6739345 1568
1929286 2161
2113640 1208
7780819 2134
7780819 408
5551928 301
1196448 2306
3567848 33
8220130 1
2719996 287
295840 626
361500 239
361500 615
5369790 1283
5369790 581
65466 1482
65466 581
65466 891
4037199 435
4037199 435
4037199 171
4263812 2097
7813040 2163
7813040 1248
5396109 432
7633932 736
7633932 1836
7633932 700
2580226 1841
2580226 1340
2660910 2530
7378255 1494
1003989 2288
1003989 248
7254 293
7254 142
2394676 2104
2245379 979
1250787 42
118347 73
606223 438
9485448 996
9228992 548
9228992 1248
9228992 692
5400327 2466
61 23
2943476 1
6533921 1
6533921 385
4720707 1702
4720707 1702
8603554 738
8603554 627
3602727 2544
425727 863
1040707 79
9222633 1486
1401876 11
1401876 1262
2859812 399
8762660 116
8762660 259
79829 790
7181853 2338
150865 1277
79035 749
6969890 2448
422414 1650
10342931 39
5988759 24
1346572 311
1346572 1762
1890380 1933
1344671 479
1344671 13
1344671 646
76587 7
76587 655
76587 1116
2376791 257
10468816 904
10468816 1273
7579280 229
4110557 470
8028012 535
7089663 2351
10451406 2567
10451406 1750
10451406 2567
1253186 0
1253186 987
212199 2298
2812766 28
2812766 28
2586544 136
1920819 1158
11048567 805
11048567 1085
11048567 805
11048567 678
11048567 195
11048567 806
11048567 2314
11048567 1039
11048567 1068
11048567 69
11048567 491
11048567 387
11048567 535
11048567 2339
11048567 115
11048567 487
11048567 205
11048567 205
11048567 230
11048567 1957
11048567 230
11048567 251
11048567 669
11048567 123
11048567 254
11048567 845
11048567 90
11048567 2014
11048567 346
11048567 925
11048567 2053
11048567 281
11048567 191
11048567 1260
11048567 1656
11048567 1485
11048567 796
11048567 185
11048567 20
11048567 201
11048567 723
11048567 311
11048567 106
11048567 264
11048567 758
11048567 1074
11048567 826
11048567 264
11048567 747
11048567 395
11048567 2390
11048567 2023
11048567 1271
11048567 96
11048567 78
11048567 161
11048567 468
11048567 746
11048567 1993
11048567 444
11048567 2029
11048567 664
11048567 346
11048567 1469
11048567 1778
11048567 1068
11048567 454
11048567 134
11048567 546
11048567 167
11048567 243
11048567 286
11048567 126
11048567 2260
11048567 665
11048567 978
11048567 407
11048567 1530
11048567 386
11048567 205
11048567 2272
11048567 251
11048567 230
11048567 264
11048567 36
11048567 1068
11048567 454
11048567 659
11048567 454
11048567 134
11048567 546
11048567 167
11048567 736
11048567 349
11048567 109
11048567 386
11048567 2231
11048567 222
11048567 996
11048567 1643
11048567 181
11048567 386
11048567 623
11048567 623
11048567 0
11048567 1494
3133506 2206
9202118 1110
21087 7
10265058 7
156836 582
3074412 25
796742 2042
796742 1388
796742 1547
1857098 1188
946984 49
7394 1
5499903 352
10555751 2602
10555751 2602
7007672 20
7186125 58
7186125 1208
7186125 6
7186125 172
7186125 40
7186125 88
7186125 6
1414135 197
8156741 2629
8492133 425
4199536 23
4199536 1474
228530 2293
228530 2055
78069 163
1004836 25
5246347 860
5246347 1747
5246347 1615
645974 19
645974 530
6964819 805
7717855 56
7717855 995
10405617 1215
10405617 29
64767 1857
1788471 1239
1788471 1016
760589 184
9828088 622
755686 1526
8028120 149
6710928 480
3821148 441
3821148 1296
3428902 341
9608157 1343
28152 2117
2749462 681
2749462 681
2749462 681
2749462 681
2749462 681
2749462 681
2749462 681
1621748 927
470920 1357
470920 1357
634270 533
7613885 26
7613885 24
6929408 24
5678086 119
5678086 1685
6846885 48
461884 850
461884 172
8561398 146
6816857 234
85247 884
7380876 1588
7380876 81
1460315 18
151274 1460
9659298 1047
9659298 428
58896 10
8699508 160
3467015 820
3467015 1855
6718408 299
1303004 86
6313495 1711
6313495 0
6036734 585
5077311 416
5290793 426
10936290 26
10936290 43
1989071 993
22333 49
261968 61
2826131 1091
5127363 918
4613891 21
7560053 2601
7560053 2601
185006 392
2947630 219
200710 62
20395 63
6337533 82
810770 1336
4084333 536
4084333 47
4084333 207
9186 1636
844866 1699
844866 239
844866 402
844866 118
783079 2168
6582395 2262
6527591 573
323340 656
5370765 54
5370765 54
5370765 54
5370765 54
5370765 54
127341 1447
127341 289
7324463 1058
7324463 1663
8006984 280
8006984 280
8006984 280
5372223 59
723371 1062
53010 1307
53010 1307
1002387 283
8275993 2323
8275993 436
8275993 436
11024216 1730
11024216 869
3899668 855
10534469 1
10534469 1422
470247 1420
470247 85
470247 563
3497710 1963
1645129 542
1645129 509
1572462 1254
1847 38
10937141 256
10937141 447
51866 199
7105438 192
7105438 1781
1401632 2006
1181045 828
1181045 1248
399832 242
6061166 18
6061166 580
8339876 2041
1646183 79
1646183 79
7444664 14
7444664 14
3253561 1407
3253561 1407
4497005 956
117081 2179
545215 80
805399 1608
961547 149
961547 828
2493023 1149
2493023 485
2493023 7
2493023 450
117587 2610
926573 2538
1948345 2544
902468 1290
1509483 1566
3011698 2132
5005467 215
3122439 2366
10102376 2442
10102376 388
800195 797
1728340 563
1728340 85
6761273 362
8591441 1747
7822227 2344
950378 185
450899 58
1401887 1092
442007 1343
442007 1162
11010522 528
11010522 28
11010522 1996
5861882 1114
5861882 977
5861882 1114
645243 1026
10674488 2637
10674488 2637
3539202 2060
89798 1951
8611258 1121
4008720 1262
3274141 2206
3274141 1334
1353841 2349
1353841 1095
7240803 2601
6886861 1621
6886861 648
36955 822
9492120 1563
9492120 1563
2134461 917
10068687 890
10068687 890
10068687 890
9060733 825
4092678 2255
4092678 2255
6849677 1035
6849677 2185
6849677 2577
9157549 221
9157549 1378
30675 134
1875304 1633
3213438 88
2434188 2131
7023870 2418
2213969 2216
2213969 1176
2213969 2216
4664676 2477
10315924 2629
10315924 1483
30575 1000
6427258 231
1140395 1540
1140395 1193
1718430 2
1718430 1349
1278783 50
140190 2041
389 1349
389 1349
9123843 38
17358 266
17358 806
17358 2
1446331 1997
1446331 1997
3087224 1162
1131662 1719
12566 1483
812475 460
9281615 802
9281615 542
9281615 58
9281615 32
9281615 37
9281615 584
9281615 37
123539 445
123539 1528
123539 1807
123539 289
123539 673
123539 340
697 1134
3206887 2
22892 540
1664728 1192
1664728 441
173926 1462
7584215 309
7270302 1941
7270302 1150
6087446 340
3381292 31
9659219 967
9659219 542
9659219 663
7237622 1562
7237622 48
6068739 250
6068739 618
2278180 1809
3696658 1512
300826 1715
7840937 726
7840937 49
4418682 586
4418682 370
4418682 6
4418682 68
4418682 278
4418682 450
4418682 420
8764592 1980
8764592 990
1948921 39
5506530 487
5506530 199
5506530 141
7679437 2255
686 15
686 35
12976 101
17417 1847
1845131 1974
6531697 701
24803 622
24803 622
317206 658
317206 659
317206 1995
445792 2138
3407481 1379
3407481 530
473104 406
174467 156
2176644 220
3828062 2009
1005205 0
5815383 692
2577043 1575
2577043 1575
2577043 1575
2577043 2172
2577043 1575
2577043 1575
4459336 594
2517499 15
388337 263
4584204 87
4584204 317
4584204 1526
4584204 1266
4584204 1417
4584204 1080
4584204 331
4584204 1308
4584204 1924
4584204 803
1849514 1461
973875 1896
846411 686
953101 934
953101 306
1546753 376
533028 632
533028 153
533028 1873
533028 377
2320192 1800
3201008 2331
3201008 1207
3201008 773
5603383 287
5603383 287
85272 1738
7497866 2177
7497866 1359
7497866 2158
7497866 1040
2371486 169
2371486 1119
2371486 212
2371486 1667
2371486 256
2371486 584
2371486 266
2371486 552
2371486 1686
2371486 1494
2371486 847
2371486 113
2371486 1291
2371486 271
2307283 2358
995138 1973
95299 1321
3477965 2368
3477965 428
3912418 1139
5046077 228
44052 1227
1159426 340
2922477 1439
934348 645
934348 1248
344355 98
158917 1877
745469 1026
268135 1341
174914 775
1808888 67
2003014 578
2003014 2280
2277712 914
5176910 200
1941804 2392
1898344 2383
1898344 1204
7219915 1238
690377 333
690377 339
4113890 1066
4113890 1867
4113890 1868
4113890 2173
4113890 1869
4113890 1066
4113890 1867
4113890 1868
4113890 2173
4113890 1869
7499676 1062
7499676 1062
7499676 1562
7499676 1795
7499676 2157
7499676 1214
1164061 1037
1164061 634
1023155 29
460224 925
460224 160
7979106 1437
7979106 1568
131064 38
131064 2448
4684862 195
4684862 942
3974049 2264
3974049 615
3974049 596
982884 1678
3794608 421
3794608 284
3794608 4
10497017 551
10497017 2501
10497017 446
10497017 1733
10497017 21
10497017 1075
10497017 97
10497017 11
10497017 983
10497017 170
10497017 953
10497017 67
10497017 67
10497017 1700
10497017 841
10497017 131
10497017 65
10497017 1087
10497017 1119
10497017 97
10497017 131
10497017 65
10497017 1087
105529 1747
923 812
923 1337
7472480 663
7472480 1533
10434338 1920
10434338 767
2930949 2064
4338566 443
44923 1283
44923 553
44923 559
8166557 326
8166557 85
70031 101
70031 420
70031 273
70031 34
70031 1585
3573801 84
61226 1111
979538 438
24464 1176
1809054 1015
1070214 1782
5319430 35
7009377 250
7009377 250
2487258 1705
2487258 1281
211818 1351
211818 1351
211818 785
211818 14
211818 14
1668518 807
5406169 1962
1930148 2063
9383897 2516
9383897 0
10298159 2140
10298159 0
4040943 0
2460598 0
193946 2152
193946 23
193946 0
1809575 0
6224614 1459
4987617 139
4180462 139
2519310 1445
3129828 2304
3129828 35
1009954 1353
1009954 1353
1009954 1353
3247083 55
317394 37
2454955 15
205579 25
199148 1870
516872 435
5835092 2
4442950 378
3329982 79
3329982 406
3329982 2507
3329982 1472
3484330 1702
41414 2046
41414 496
2637835 1125
2637835 2429
1647462 147
2135996 826
2135996 2549
4281938 1106
151775 1916
958812 2589
3293 1319
480253 671
12448 636
12448 636
1425871 23
78046 1088
78046 247
5656760 84
5656760 706
130013 1177
1274892 888
5123629 1646
2961409 31
2961409 1834
3341810 820
4659860 38
5837003 2215
5837003 2215
5837003 2215
7835045 1571
7835045 209
4306176 853
4306176 282
4306176 1635
10879945 2289
10879945 1127
188818 1973
475614 151
475614 151
4086122 2344
4086122 1150
1379849 507
6343448 69
6343448 69
3651690 2393
6975031 1989
10797519 178
10797519 2453
10797519 214
10797519 706
10797519 1432
10797519 730
10797519 362
10797519 294
70005 1437
499578 76
9535 2076
9535 581
5370945 350
1459801 1307
1788730 1388
10778622 32
10778622 2481
2920642 294
2920642 1180
3443095 1237
9197798 1629
347218 362
638 15
34370 1448
7469915 289
7469915 2162
7469915 70
7469915 584
7469915 1155
7469915 1135
7469915 1224
7469915 101
7469915 731
7469915 2162
7469915 70
58718 2285
9197134 2077
603630 818
603630 2276
603630 1127
603630 362
603630 286
603630 2289
603630 1085
603630 1629
2334050 228
2334050 679
2334050 196
21738 265
21738 1300
201027 1202
2565 938
2565 938
2565 938
2565 276
2565 276
2565 276
2565 45
1570482 1517
1570482 339
1570482 818
6085062 1766
6085062 643
10535754 289
10535754 167
10535754 1537
10535754 265
4463279 407
8760064 2235
8760064 71
8760064 660
8760064 741
8760064 2149
8760064 2534
8760064 2399
156926 1751
5960988 1045
5960988 540
5960988 371
5960988 371
4068960 2370
4068960 157
4068960 1116
177666 1991
177666 162
177666 5
177666 1686
177666 1686
2810776 71
50597 853
1305423 1166
2179719 394
1852795 400
1852795 919
3942584 577
1376305 1894
1128427 1154
1888271 2400
769153 1720
10687631 545
10687631 1346
7012231 1519
1630064 205
509409 2249
509409 985
7241691 674
6759351 7
19669 2599
19669 75
2536214 861
1170546 989
6170065 7
2010634 930
2010634 1721
443171 475
211923 1449
80897 645
2518706 577
4737050 1273
4737050 283
4737050 1739
4737050 678
4737050 320
4737050 35
4737050 626
9117718 484
201677 399
1912149 810
322613 2004
322613 913
4617884 0
1891629 525
1891629 351
45364 1458
3774734 2112
3774734 2486
1965711 735
1965711 1067
2738745 44
2738745 32
2738745 57
2738745 1
2738745 30
2738745 1196
371667 1846
371667 1846
6159 351
6159 216
751293 1605
751293 1665
751293 1941
751293 1941
25993 480
25993 196
425980 762
1184739 528
2886942 876
4606435 108
40734 975
40734 586
474450 207
2885445 340
2885445 557
7971419 124
1044337 2204
970357 909
8236122 544
8236122 909
8236122 378
26443 13
47117 2338
8771 2561
8771 2561
933683 1233
1036419 1295
1036419 1295
4302783 900
7714746 257
7714746 298
2422518 1956
3285513 1510
1856462 969
3487488 1365
283444 1721
8499675 1173
8811326 172
8811326 6
8811326 58
8811326 1379
8811326 554
8811326 135
10826463 2049
10826463 6
10826463 2356
2142964 855
3178049 2379
3178049 1181
91481 92
4984498 92
7416722 990
7416722 31
7416722 2127
7416722 92
7416722 2609
6467103 687
2059802 2274
2059802 178
130017 505
97869 61
1127913 989
1127913 632
235807 1377
2373446 41
2373446 41
2420733 85
6747393 5
1973 376
1153050 2531
10736351 723
10736351 723
3608058 1007
125564 748
1142228 5
1130099 629
2775042 1465
7215861 573
7215861 573
7681044 1765
7681044 1420
6661423 1155
6661423 1533
1643009 2344
4297527 2516
1773214 81
1773214 690
234427 652
1145750 58
1145750 9
662448 73
1161772 733
1224363 610
132908 1123
132908 2187
654494 1285
7961648 334
7961648 2169
9930647 266
9930647 303
418585 1313
5162442 1834
415700 1845
220293 1341
78836 572
78836 8
78836 8
7882611 1306
7882611 429
7882611 2163
3663547 2092
3663547 2092
1061069 1846
1061069 688
1061069 97
1061069 1089
150776 57
7635414 197
180829 166
311922 346
311922 567
1396628 333
1168865 829
37635 676
8588524 880
8588524 880
8588524 880
8588524 19
1196170 962
191124 1406
3922794 274
285506 57
1989796 274
8485229 1511
2170424 1809
4619641 974
4264097 157
10898723 631
10898723 1887
1566213 1408
3387461 1964
3387461 1964
3387461 561
102022 1255
102022 1676
4804 1057
573 138
1680944 360
1680944 2372
907986 601
907986 601
907986 232
907986 847
1364060 555
5442257 415
5442257 96
5442257 666
5442257 479
3344731 5
884768 2421
1899952 1563
1899952 1755
393447 1143
182301 1029
579655 68
579655 240
579655 2461
579655 156
3199174 135
2146985 136
24435 1626
167399 146
3263016 215
405516 209
5800529 2469
11179 1040
11179 350
11179 613
525672 424
525672 96
116412 408
8888119 2438
2238530 317
1522859 1228
10103134 2040
10103134 2310
504058 646
28328 343
9187944 711
4193780 235
819256 986
173271 812
14529 994
14529 1279
1724283 2597
1724283 301
1724283 1368
139449 211
139449 395
98218 20
98218 412
98218 2062
98218 373
377532 732
8046593 248
8046593 738
8046593 367
1288203 584
2465626 53
2465626 53
2465626 53
2465626 53
2465626 53
2465626 53
426629 579
426629 13
426629 1505
5566540 941
5566540 538
8785053 1366
9247632 1340
